-3 0.139708
-2.94 0.196108
-2.88 0.24964
-2.82 0.29963
-2.76 0.345403
-2.7 0.386286
-2.64 0.421605
-2.58 0.45069
-2.52 0.47309
-2.46 0.488694
-2.4 0.497421
-2.34 0.49919
-2.28 0.49392
-2.22 0.481528
-2.16 0.461967
-2.1 0.435567
-2.04 0.402906
-1.98 0.364564
-1.92 0.321122
-1.86 0.273161
-1.8 0.22126
-1.74 0.166053
-1.68 0.108372
-1.62 0.0491038
-1.56 -0.0108672
-1.5 -0.0706558
-1.44 -0.129377
-1.38 -0.186147
-1.32 -0.240167
-1.26 -0.290773
-1.2 -0.33731
-1.14 -0.379124
-1.08 -0.415561
-1.02 -0.445967
-0.96 -0.469719
-0.9 -0.486554
-0.84 -0.496443
-0.78 -0.49936
-0.72 -0.495279
-0.66 -0.484174
-0.6 -0.46602
-0.54 -0.440897
-0.48 -0.409316
-0.42 -0.371895
-0.36 -0.329253
-0.3 -0.282006
-0.24 -0.230774
-0.18 -0.176174
-0.12 -0.118928
-0.06 -0.0599074
0 -3.68861e-08
0.06 0.0599073
0.12 0.118928
0.18 0.176174
0.24 0.230774
0.3 0.282006
0.36 0.329253
0.42 0.371895
0.48 0.409316
0.54 0.440897
0.6 0.46602
0.66 0.484174
0.72 0.495279
0.78 0.49936
0.84 0.496442
0.9 0.486553
0.96 0.469718
1.02 0.445967
1.08 0.415562
1.14 0.379125
1.2 0.337312
1.26 0.290775
1.32 0.240169
1.38 0.186147
1.44 0.129375
1.5 0.070652
1.56 0.0108611
1.62 -0.0491113
1.68 -0.108379
1.74 -0.166058
1.8 -0.22126
1.86 -0.273152
1.92 -0.321105
1.98 -0.364539
2.04 -0.402878
2.1 -0.435542
2.16 -0.461953
2.22 -0.481537
2.28 -0.493961
2.34 -0.499265
2.4 -0.497521
2.46 -0.4888
2.52 -0.473176
2.58 -0.450719
2.64 -0.421533
2.7 -0.386088
2.76 -0.345087
2.82 -0.29924
2.88 -0.249256
2.94 -0.195842
