-3 -0.0652963
-2.94 0.0411015
-2.88 0.0701332
-2.82 0.0556282
-2.76 0.0214373
-2.7 -0.0164786
-2.64 -0.0482752
-2.58 -0.0687331
-2.52 -0.0760152
-2.46 -0.0706456
-2.4 -0.0546811
-2.34 -0.031053
-2.28 -0.0030547
-2.22 0.0260445
-2.16 0.0532786
-2.1 0.0761732
-2.04 0.0928598
-1.98 0.102128
-1.92 0.103428
-1.86 0.0968376
-1.8 0.082998
-1.74 0.0630291
-1.68 0.0384341
-1.62 0.010995
-1.56 -0.0173324
-1.5 -0.0445216
-1.44 -0.0685716
-1.38 -0.087595
-1.32 -0.0998946
-1.26 -0.104028
-1.2 -0.0988565
-1.14 -0.0835862
-1.08 -0.0577871
-1.02 -0.0214051
-0.96 0.0252421
-0.9 0.0814793
-0.84 0.1463
-0.78 0.218402
-0.72 0.296229
-0.66 0.378022
-0.6 0.461871
-0.54 0.545773
-0.48 0.627693
-0.42 0.70562
-0.36 0.777624
-0.3 0.841911
-0.24 0.89687
-0.18 0.941123
-0.12 0.973554
-0.06 0.993347
0 1
0.06 0.993347
0.12 0.973554
0.18 0.941123
0.24 0.89687
0.3 0.841911
0.36 0.777624
0.42 0.70562
0.48 0.627693
0.54 0.545773
0.6 0.461871
0.66 0.378022
0.72 0.296229
0.78 0.218402
0.84 0.1463
0.9 0.0814793
0.96 0.0252421
1.02 -0.0214051
1.08 -0.0577871
1.14 -0.0835862
1.2 -0.0988565
1.26 -0.104028
1.32 -0.0998946
1.38 -0.087595
1.44 -0.0685716
1.5 -0.0445216
1.56 -0.0173324
1.62 0.010995
1.68 0.0384341
1.74 0.0630291
1.8 0.082998
1.86 0.0968376
1.92 0.103428
1.98 0.102128
2.04 0.0928598
2.1 0.0761732
2.16 0.0532786
2.22 0.0260445
2.28 -0.0030547
2.34 -0.031053
2.4 -0.0546811
2.46 -0.0706456
2.52 -0.0760152
2.58 -0.0687331
2.64 -0.0482752
2.7 -0.0164786
2.76 0.0214373
2.82 0.0556282
2.88 0.0701332
2.94 0.0411015
3 -0.0652963
