-3 0.00102775
-2.94 364.456
-2.88 318.973
-2.82 180.241
-2.76 65.3167
-2.7 0.00156561
-2.64 -24.6324
-2.58 -25.47
-2.52 -16.6594
-2.46 -6.87929
-2.4 0.00250544
-2.34 3.26102
-2.28 3.72933
-2.22 2.68123
-2.16 1.21206
-2.1 0.00426663
-2.04 -0.668595
-1.98 -0.825414
-1.92 -0.635998
-1.86 -0.303811
-1.8 0.0078758
-1.74 0.206842
-1.68 0.270476
-1.62 0.225854
-1.56 0.12385
-1.5 0.0161943
-1.44 -0.0597311
-1.38 -0.0871613
-1.32 -0.0686358
-1.26 -0.0198057
-1.2 0.0386351
-1.14 0.0883371
-1.08 0.118319
-1.02 0.126936
-0.96 0.120978
-0.9 0.112699
-0.84 0.115879
-0.78 0.142028
-0.72 0.197594
-0.66 0.28268
-0.6 0.391359
-0.54 0.513315
-0.48 0.636294
-0.42 0.748722
-0.36 0.841914
-0.3 0.911411
-0.24 0.957247
-0.18 0.983174
-0.12 0.995107
-0.06 0.999196
0 1
0.06 0.999196
0.12 0.995107
0.18 0.983174
0.24 0.957247
0.3 0.911411
0.36 0.841914
0.42 0.748722
0.48 0.636294
0.54 0.513315
0.6 0.391359
0.66 0.28268
0.72 0.197594
0.78 0.142028
0.84 0.115879
0.9 0.112699
0.96 0.120978
1.02 0.126936
1.08 0.118319
1.14 0.0883371
1.2 0.0386351
1.26 -0.0198057
1.32 -0.0686358
1.38 -0.0871613
1.44 -0.0597311
1.5 0.0161943
1.56 0.12385
1.62 0.225854
1.68 0.270476
1.74 0.206842
1.8 0.0078758
1.86 -0.303811
1.92 -0.635998
1.98 -0.825414
2.04 -0.668595
2.1 0.00426663
2.16 1.21206
2.22 2.68123
2.28 3.72933
2.34 3.26102
2.4 0.00250544
2.46 -6.87929
2.52 -16.6594
2.58 -25.47
2.64 -24.6324
2.7 0.00156561
2.76 65.3167
2.82 180.241
2.88 318.973
2.94 364.456
3 0.00102775
