-3 -0.00777808
-2.94 -0.00529354
-2.88 -0.00285918
-2.82 -0.000475025
-2.76 0.00185894
-2.7 0.00414272
-2.64 0.0063763
-2.58 0.00855969
-2.52 0.0106929
-2.46 0.0127759
-2.4 0.0148087
-2.34 0.0167913
-2.28 0.0187237
-2.22 0.020606
-2.16 0.022438
-2.1 0.0242199
-2.04 0.0259515
-1.98 0.027633
-1.92 0.0292642
-1.86 0.0308453
-1.8 0.0323762
-1.74 0.0338569
-1.68 0.0352874
-1.62 0.0366677
-1.56 0.0379978
-1.5 0.0392777
-1.44 0.0405074
-1.38 0.041687
-1.32 0.0428163
-1.26 0.0438954
-1.2 0.0449244
-1.14 0.0459032
-1.08 0.0468317
-1.02 0.0477101
-0.96 0.0485383
-0.9 0.0493163
-0.84 0.0500441
-0.78 0.0507217
-0.72 0.0513491
-0.66 0.0519263
-0.6 0.0524533
-0.54 0.0529302
-0.48 0.0533568
-0.42 0.0537332
-0.36 0.0540595
-0.3 0.0543356
-0.24 0.0545614
-0.18 0.0547371
-0.12 0.0548626
-0.06 0.0549379
0 0.054963
0.06 0.0549379
0.12 0.0548626
0.18 0.0547371
0.24 0.0545614
0.3 0.0543356
0.36 0.0540595
0.42 0.0537332
0.48 0.0533568
0.54 0.0529302
0.6 0.0524533
0.66 0.0519263
0.72 0.0513491
0.78 0.0507217
0.84 0.0500441
0.9 0.0493163
0.96 0.0485383
1.02 0.0477101
1.08 0.0468317
1.14 0.0459032
1.2 0.0449244
1.26 0.0438954
1.32 0.0428163
1.38 0.041687
1.44 0.0405074
1.5 0.0392777
1.56 0.0379978
1.62 0.0366677
1.68 0.0352874
1.74 0.0338569
1.8 0.0323762
1.86 0.0308453
1.92 0.0292642
1.98 0.027633
2.04 0.0259515
2.1 0.0242199
2.16 0.022438
2.22 0.020606
2.28 0.0187237
2.34 0.0167913
2.4 0.0148087
2.46 0.0127759
2.52 0.0106929
2.58 0.00855969
2.64 0.0063763
2.7 0.00414272
2.76 0.00185894
2.82 -0.000475025
2.88 -0.00285918
2.94 -0.00529354
3 -0.00777808
