-3 -0.00669118
-2.94 0.0049425
-2.88 -0.00647626
-2.82 -0.00297738
-2.76 0.00627586
-2.7 0.0103265
-2.64 0.00681891
-2.58 -0.000422924
-2.52 -0.00622
-2.46 -0.00732245
-2.4 -0.00343351
-2.34 0.00341825
-2.28 0.01024
-2.22 0.0144132
-2.16 0.0145688
-2.1 0.0108623
-2.04 0.00472628
-1.98 -0.00170326
-1.92 -0.00626414
-1.86 -0.00735649
-1.8 -0.00431634
-1.74 0.00247775
-1.68 0.0117506
-1.62 0.0216663
-1.56 0.030264
-1.5 0.0359013
-1.44 0.0376213
-1.38 0.035386
-1.32 0.0301482
-1.26 0.02376
-1.2 0.0187458
-1.14 0.01798
-1.08 0.024324
-1.02 0.0402729
-0.96 0.0676583
-0.9 0.107442
-0.84 0.159618
-0.78 0.223222
-0.72 0.296448
-0.66 0.376835
-0.6 0.4615
-0.54 0.547389
-0.48 0.631509
-0.42 0.711121
-0.36 0.783874
-0.3 0.847874
-0.24 0.901695
-0.18 0.944338
-0.12 0.975158
-0.06 0.993775
0 1
0.06 0.993775
0.12 0.975158
0.18 0.944338
0.24 0.901695
0.3 0.847874
0.36 0.783874
0.42 0.711121
0.48 0.631509
0.54 0.547389
0.6 0.4615
0.66 0.376835
0.72 0.296448
0.78 0.223222
0.84 0.159618
0.9 0.107442
0.96 0.0676583
1.02 0.0402729
1.08 0.024324
1.14 0.01798
1.2 0.0187458
1.26 0.02376
1.32 0.0301482
1.38 0.035386
1.44 0.0376213
1.5 0.0359013
1.56 0.030264
1.62 0.0216663
1.68 0.0117506
1.74 0.00247775
1.8 -0.00431634
1.86 -0.00735649
1.92 -0.00626414
1.98 -0.00170326
2.04 0.00472628
2.1 0.0108623
2.16 0.0145688
2.22 0.0144132
2.28 0.01024
2.34 0.00341825
2.4 -0.00343351
2.46 -0.00732245
2.52 -0.00622
2.58 -0.000422924
2.64 0.00681891
2.7 0.0103265
2.76 0.00627586
2.82 -0.00297738
2.88 -0.00647626
2.94 0.0049425
3 -0.00669118
