-3 0.139708
-2.94 0.364192
-2.88 0.548157
-2.82 0.69516
-2.76 0.808588
-2.7 0.891661
-2.64 0.947441
-2.58 0.978829
-2.52 0.988572
-2.46 0.979266
-2.4 0.953359
-2.34 0.913155
-2.28 0.860817
-2.22 0.798372
-2.16 0.727712
-2.1 0.650599
-2.04 0.568669
-1.98 0.483435
-1.92 0.396289
-1.86 0.308509
-1.8 0.22126
-1.74 0.135597
-1.68 0.0524693
-1.62 -0.0272744
-1.56 -0.102885
-1.5 -0.173707
-1.44 -0.239178
-1.38 -0.298823
-1.32 -0.35225
-1.26 -0.39915
-1.2 -0.439291
-1.14 -0.472513
-1.08 -0.498728
-1.02 -0.517915
-0.96 -0.530115
-0.9 -0.535429
-0.84 -0.534017
-0.78 -0.526087
-0.72 -0.5119
-0.66 -0.491762
-0.6 -0.46602
-0.54 -0.43506
-0.48 -0.399303
-0.42 -0.359204
-0.36 -0.315244
-0.3 -0.267928
-0.24 -0.217783
-0.18 -0.165354
-0.12 -0.1112
-0.06 -0.0558899
0 -2.498e-16
0.06 0.0558899
0.12 0.1112
0.18 0.165354
0.24 0.217783
0.3 0.267928
0.36 0.315244
0.42 0.359204
0.48 0.399303
0.54 0.43506
0.6 0.46602
0.66 0.491762
0.72 0.5119
0.78 0.526087
0.84 0.534017
0.9 0.535429
0.96 0.530115
1.02 0.517915
1.08 0.498728
1.14 0.472513
1.2 0.439291
1.26 0.39915
1.32 0.35225
1.38 0.298823
1.44 0.239178
1.5 0.173707
1.56 0.102885
1.62 0.0272744
1.68 -0.0524693
1.74 -0.135597
1.8 -0.22126
1.86 -0.308509
1.92 -0.396289
1.98 -0.483435
2.04 -0.568669
2.1 -0.650599
2.16 -0.727712
2.22 -0.798372
2.28 -0.860817
2.34 -0.913155
2.4 -0.953359
2.46 -0.979266
2.52 -0.988572
2.58 -0.978829
2.64 -0.947441
2.7 -0.891661
2.76 -0.808588
2.82 -0.69516
2.88 -0.548157
2.94 -0.364192
3 -0.139708
