-3 -0.0809774
-2.94 0.116423
-2.88 0.278984
-2.82 0.409763
-2.76 0.511668
-2.7 0.587468
-2.64 0.639793
-2.58 0.671136
-2.52 0.683856
-2.46 0.680185
-2.4 0.662226
-2.34 0.631959
-2.28 0.591242
-2.22 0.541817
-2.16 0.485311
-2.1 0.423237
-2.04 0.357001
-1.98 0.287904
-1.92 0.217143
-1.86 0.145815
-1.8 0.0749215
-1.74 0.00536994
-1.68 -0.0620231
-1.62 -0.126529
-1.56 -0.187502
-1.5 -0.24438
-1.44 -0.296679
-1.38 -0.343989
-1.32 -0.385974
-1.26 -0.422368
-1.2 -0.452969
-1.14 -0.477641
-1.08 -0.496307
-1.02 -0.508948
-0.96 -0.515599
-0.9 -0.516347
-0.84 -0.511326
-0.78 -0.500717
-0.72 -0.484741
-0.66 -0.463662
-0.6 -0.437776
-0.54 -0.407415
-0.48 -0.372941
-0.42 -0.334742
-0.36 -0.29323
-0.3 -0.24884
-0.24 -0.202023
-0.18 -0.153248
-0.12 -0.102992
-0.06 -0.0517446
0 1.66533e-16
0.06 0.0517446
0.12 0.102992
0.18 0.153248
0.24 0.202023
0.3 0.24884
0.36 0.29323
0.42 0.334742
0.48 0.372941
0.54 0.407415
0.6 0.437776
0.66 0.463662
0.72 0.484741
0.78 0.500717
0.84 0.511326
0.9 0.516347
0.96 0.515599
1.02 0.508948
1.08 0.496307
1.14 0.477641
1.2 0.452969
1.26 0.422368
1.32 0.385974
1.38 0.343989
1.44 0.296679
1.5 0.24438
1.56 0.187502
1.62 0.126529
1.68 0.0620231
1.74 -0.00536994
1.8 -0.0749215
1.86 -0.145815
1.92 -0.217143
1.98 -0.287904
2.04 -0.357001
2.1 -0.423237
2.16 -0.485311
2.22 -0.541817
2.28 -0.591242
2.34 -0.631959
2.4 -0.662226
2.46 -0.680185
2.52 -0.683856
2.58 -0.671136
2.64 -0.639793
2.7 -0.587468
2.76 -0.511668
2.82 -0.409763
2.88 -0.278984
2.94 -0.116423
3 0.0809774
