-3 0.137913
-2.94 0.197247
-2.88 0.25165
-2.82 0.3013
-2.76 0.346133
-2.7 0.385919
-2.64 0.420326
-2.58 0.448973
-2.52 0.471476
-2.46 0.487485
-2.4 0.496708
-2.34 0.498937
-2.28 0.494063
-2.22 0.482084
-2.16 0.463114
-2.1 0.437381
-2.04 0.405224
-1.98 0.367093
-1.92 0.323536
-1.86 0.275189
-1.8 0.222768
-1.74 0.167054
-1.68 0.108877
-1.62 0.0491063
-1.56 -0.0113677
-1.5 -0.071647
-1.44 -0.13084
-1.38 -0.188077
-1.32 -0.24252
-1.26 -0.293379
-1.2 -0.33992
-1.14 -0.381478
-1.08 -0.417464
-1.02 -0.447372
-0.96 -0.470789
-0.9 -0.487397
-0.84 -0.496976
-0.78 -0.49941
-0.72 -0.494681
-0.66 -0.482876
-0.6 -0.46418
-0.54 -0.438874
-0.48 -0.407331
-0.42 -0.370009
-0.36 -0.327446
-0.3 -0.280252
-0.24 -0.229099
-0.18 -0.174712
-0.12 -0.117861
-0.06 -0.0593485
0 -9.66885e-17
0.06 0.0593485
0.12 0.117861
0.18 0.174712
0.24 0.229099
0.3 0.280252
0.36 0.327446
0.42 0.370009
0.48 0.407331
0.54 0.438874
0.6 0.46418
0.66 0.482876
0.72 0.494681
0.78 0.49941
0.84 0.496976
0.9 0.487397
0.96 0.470789
1.02 0.447372
1.08 0.417464
1.14 0.381478
1.2 0.33992
1.26 0.293379
1.32 0.24252
1.38 0.188077
1.44 0.13084
1.5 0.071647
1.56 0.0113677
1.62 -0.0491063
1.68 -0.108877
1.74 -0.167054
1.8 -0.222768
1.86 -0.275189
1.92 -0.323536
1.98 -0.367093
2.04 -0.405224
2.1 -0.437381
2.16 -0.463114
2.22 -0.482084
2.28 -0.494063
2.34 -0.498937
2.4 -0.496708
2.46 -0.487485
2.52 -0.471476
2.58 -0.448973
2.64 -0.420326
2.7 -0.385919
2.76 -0.346133
2.82 -0.3013
2.88 -0.25165
2.94 -0.197247
3 -0.137913
