-3 0.00102775
-2.94 2.15162
-2.88 2.54318
-2.82 2.11763
-2.76 1.42512
-2.7 0.757128
-2.64 0.242017
-2.58 -0.0882346
-2.52 -0.252861
-2.46 -0.293109
-2.4 -0.254501
-2.34 -0.177131
-2.28 -0.0913395
-2.22 -0.0168098
-2.16 0.0363492
-2.1 0.0655401
-2.04 0.0733173
-1.98 0.0651551
-1.92 0.0475878
-1.86 0.0268279
-1.8 0.0078758
-1.74 -0.00592293
-1.68 -0.0129538
-1.62 -0.0131378
-1.56 -0.00756108
-1.5 0.00198111
-1.44 0.0134512
-1.38 0.0249876
-1.32 0.0352346
-1.26 0.0435588
-1.2 0.0501464
-1.14 0.0559838
-1.08 0.0627378
-1.02 0.072558
-0.96 0.087827
-0.9 0.110888
-0.84 0.143773
-0.78 0.187967
-0.72 0.244206
-0.66 0.312359
-0.6 0.391359
-0.54 0.47923
-0.48 0.573172
-0.42 0.669719
-0.36 0.764944
-0.3 0.854704
-0.24 0.934901
-0.18 1.00175
-0.12 1.052
-0.06 1.08319
0 1.09376
0.06 1.08319
0.12 1.052
0.18 1.00175
0.24 0.934901
0.3 0.854704
0.36 0.764944
0.42 0.669719
0.48 0.573172
0.54 0.47923
0.6 0.391359
0.66 0.312359
0.72 0.244206
0.78 0.187967
0.84 0.143773
0.9 0.110888
0.96 0.087827
1.02 0.072558
1.08 0.0627378
1.14 0.0559838
1.2 0.0501464
1.26 0.0435588
1.32 0.0352346
1.38 0.0249876
1.44 0.0134512
1.5 0.00198111
1.56 -0.00756108
1.62 -0.0131378
1.68 -0.0129538
1.74 -0.00592293
1.8 0.0078758
1.86 0.0268279
1.92 0.0475878
1.98 0.0651551
2.04 0.0733173
2.1 0.0655401
2.16 0.0363492
2.22 -0.0168098
2.28 -0.0913395
2.34 -0.177131
2.4 -0.254501
2.46 -0.293109
2.52 -0.252861
2.58 -0.0882346
2.64 0.242017
2.7 0.757128
2.76 1.42512
2.82 2.11763
2.88 2.54318
2.94 2.15162
3 0.00102775
