-3 0.00102775
-2.94 0.00440889
-2.88 0.00772172
-2.82 0.0109662
-2.76 0.0141425
-2.7 0.0172504
-2.64 0.02029
-2.58 0.0232613
-2.52 0.0261643
-2.46 0.028999
-2.4 0.0317654
-2.34 0.0344634
-2.28 0.0370932
-2.22 0.0396547
-2.16 0.0421478
-2.1 0.0445727
-2.04 0.0469292
-1.98 0.0492175
-1.92 0.0514374
-1.86 0.0535891
-1.8 0.0556724
-1.74 0.0576874
-1.68 0.0596341
-1.62 0.0615125
-1.56 0.0633226
-1.5 0.0650644
-1.44 0.0667379
-1.38 0.0683431
-1.32 0.06988
-1.26 0.0713486
-1.2 0.0727488
-1.14 0.0740808
-1.08 0.0753445
-1.02 0.0765398
-0.96 0.0776669
-0.9 0.0787256
-0.84 0.079716
-0.78 0.0806382
-0.72 0.081492
-0.66 0.0822775
-0.6 0.0829947
-0.54 0.0836436
-0.48 0.0842242
-0.42 0.0847365
-0.36 0.0851805
-0.3 0.0855562
-0.24 0.0858635
-0.18 0.0861026
-0.12 0.0862734
-0.06 0.0863758
0 0.08641
0.06 0.0863758
0.12 0.0862734
0.18 0.0861026
0.24 0.0858635
0.3 0.0855562
0.36 0.0851805
0.42 0.0847365
0.48 0.0842242
0.54 0.0836436
0.6 0.0829947
0.66 0.0822775
0.72 0.081492
0.78 0.0806382
0.84 0.079716
0.9 0.0787256
0.96 0.0776669
1.02 0.0765398
1.08 0.0753445
1.14 0.0740808
1.2 0.0727488
1.26 0.0713486
1.32 0.06988
1.38 0.0683431
1.44 0.0667379
1.5 0.0650644
1.56 0.0633226
1.62 0.0615125
1.68 0.0596341
1.74 0.0576874
1.8 0.0556724
1.86 0.0535891
1.92 0.0514374
1.98 0.0492175
2.04 0.0469292
2.1 0.0445727
2.16 0.0421478
2.22 0.0396547
2.28 0.0370932
2.34 0.0344634
2.4 0.0317654
2.46 0.028999
2.52 0.0261643
2.58 0.0232613
2.64 0.02029
2.7 0.0172504
2.76 0.0141425
2.82 0.0109662
2.88 0.00772172
2.94 0.00440889
3 0.00102775
