-3 0.139708
-2.94 0.196175
-2.88 0.249821
-2.82 0.299874
-2.76 0.345613
-2.7 0.386382
-2.64 0.421594
-2.58 0.450742
-2.52 0.473407
-2.46 0.489263
-2.4 0.498082
-2.34 0.499738
-2.28 0.494206
-2.22 0.481565
-2.16 0.461999
-2.1 0.435788
-2.04 0.403309
-1.98 0.365029
-1.92 0.321499
-1.86 0.273346
-1.8 0.22126
-1.74 0.165993
-1.68 0.108338
-1.62 0.0491243
-1.56 -0.0107955
-1.5 -0.07056
-1.44 -0.12931
-1.38 -0.1862
-1.32 -0.240411
-1.26 -0.291165
-1.2 -0.337732
-1.14 -0.37944
-1.08 -0.415692
-1.02 -0.445964
-0.96 -0.469823
-0.9 -0.486924
-0.84 -0.497022
-0.78 -0.499971
-0.72 -0.495729
-0.66 -0.484358
-0.6 -0.46602
-0.54 -0.440979
-0.48 -0.409596
-0.42 -0.372322
-0.36 -0.329692
-0.3 -0.282321
-0.24 -0.23089
-0.18 -0.176137
-0.12 -0.118851
-0.06 -0.0598561
0 -5.25818e-15
0.06 0.0598561
0.12 0.118851
0.18 0.176137
0.24 0.23089
0.3 0.282321
0.36 0.329692
0.42 0.372322
0.48 0.409596
0.54 0.440979
0.6 0.46602
0.66 0.484358
0.72 0.495729
0.78 0.499971
0.84 0.497022
0.9 0.486924
0.96 0.469823
1.02 0.445964
1.08 0.415692
1.14 0.37944
1.2 0.337732
1.26 0.291165
1.32 0.240411
1.38 0.1862
1.44 0.12931
1.5 0.07056
1.56 0.0107955
1.62 -0.0491243
1.68 -0.108338
1.74 -0.165993
1.8 -0.22126
1.86 -0.273346
1.92 -0.321499
1.98 -0.365029
2.04 -0.403309
2.1 -0.435788
2.16 -0.461999
2.22 -0.481565
2.28 -0.494206
2.34 -0.499738
2.4 -0.498082
2.46 -0.489263
2.52 -0.473407
2.58 -0.450742
2.64 -0.421594
2.7 -0.386382
2.76 -0.345613
2.82 -0.299874
2.88 -0.249821
2.94 -0.196175
3 -0.139708
