-3 0.139708
-2.94 0.207982
-2.88 0.267136
-2.82 0.318499
-2.76 0.362935
-2.7 0.400951
-2.64 0.432792
-2.58 0.458513
-2.52 0.478053
-2.46 0.49129
-2.4 0.498082
-2.34 0.49831
-2.28 0.491901
-2.22 0.478857
-2.16 0.459262
-2.1 0.4333
-2.04 0.401251
-1.98 0.363498
-1.92 0.320521
-1.86 0.272891
-1.8 0.22126
-1.74 0.166353
-1.68 0.108953
-1.62 0.0498881
-1.56 -0.00998237
-1.5 -0.0697823
-1.44 -0.128634
-1.38 -0.185672
-1.32 -0.240058
-1.26 -0.290994
-1.2 -0.337732
-1.14 -0.379589
-1.08 -0.415957
-1.02 -0.446307
-0.96 -0.470203
-0.9 -0.487302
-0.84 -0.497364
-0.78 -0.500248
-0.72 -0.495922
-0.66 -0.484455
-0.6 -0.46602
-0.54 -0.440888
-0.48 -0.409428
-0.42 -0.372096
-0.36 -0.329433
-0.3 -0.282054
-0.24 -0.230639
-0.18 -0.175927
-0.12 -0.1187
-0.06 -0.0597768
0 4.44089e-16
0.06 0.0597768
0.12 0.1187
0.18 0.175927
0.24 0.230639
0.3 0.282054
0.36 0.329433
0.42 0.372096
0.48 0.409428
0.54 0.440888
0.6 0.46602
0.66 0.484455
0.72 0.495922
0.78 0.500248
0.84 0.497364
0.9 0.487302
0.96 0.470203
1.02 0.446307
1.08 0.415957
1.14 0.379589
1.2 0.337732
1.26 0.290994
1.32 0.240058
1.38 0.185672
1.44 0.128634
1.5 0.0697823
1.56 0.00998237
1.62 -0.0498881
1.68 -0.108953
1.74 -0.166353
1.8 -0.22126
1.86 -0.272891
1.92 -0.320521
1.98 -0.363498
2.04 -0.401251
2.1 -0.4333
2.16 -0.459262
2.22 -0.478857
2.28 -0.491901
2.34 -0.49831
2.4 -0.498082
2.46 -0.49129
2.52 -0.478053
2.58 -0.458513
2.64 -0.432792
2.7 -0.400951
2.76 -0.362935
2.82 -0.318499
2.88 -0.267136
2.94 -0.207982
3 -0.139708
