-3 0.0167607
-2.94 0.00703123
-2.88 -0.00104571
-2.82 -0.00755923
-2.76 -0.0125966
-2.7 -0.0162434
-2.64 -0.0185831
-2.58 -0.0196976
-2.52 -0.0196668
-2.46 -0.0185689
-2.4 -0.0164801
-2.34 -0.0134748
-2.28 -0.00962571
-2.22 -0.00500352
-2.16 0.000322818
-2.1 0.00628622
-2.04 0.0128214
-1.98 0.0198651
-1.92 0.0273555
-1.86 0.0352331
-1.8 0.0434398
-1.74 0.0519197
-1.68 0.0606185
-1.62 0.0694839
-1.56 0.0784652
-1.5 0.0875138
-1.44 0.0965829
-1.38 0.105627
-1.32 0.114604
-1.26 0.123471
-1.2 0.13219
-1.14 0.140722
-1.08 0.149033
-1.02 0.157087
-0.96 0.164852
-0.9 0.172299
-0.84 0.179399
-0.78 0.186125
-0.72 0.192452
-0.66 0.198358
-0.6 0.20382
-0.54 0.208821
-0.48 0.213342
-0.42 0.217368
-0.36 0.220886
-0.3 0.223882
-0.24 0.226347
-0.18 0.228273
-0.12 0.229653
-0.06 0.230483
0 0.23076
0.06 0.230483
0.12 0.229653
0.18 0.228273
0.24 0.226347
0.3 0.223882
0.36 0.220886
0.42 0.217368
0.48 0.213342
0.54 0.208821
0.6 0.20382
0.66 0.198358
0.72 0.192452
0.78 0.186125
0.84 0.179399
0.9 0.172299
0.96 0.164852
1.02 0.157087
1.08 0.149033
1.14 0.140722
1.2 0.13219
1.26 0.123471
1.32 0.114604
1.38 0.105627
1.44 0.0965829
1.5 0.0875138
1.56 0.0784652
1.62 0.0694839
1.68 0.0606185
1.74 0.0519197
1.8 0.0434398
1.86 0.0352331
1.92 0.0273555
1.98 0.0198651
2.04 0.0128214
2.1 0.00628622
2.16 0.000322818
2.22 -0.00500352
2.28 -0.00962571
2.34 -0.0134748
2.4 -0.0164801
2.46 -0.0185689
2.52 -0.0196668
2.58 -0.0196976
2.64 -0.0185831
2.7 -0.0162434
2.76 -0.0125966
2.82 -0.00755923
2.88 -0.00104571
2.94 0.00703123
3 0.0167607
