-3 0.00794501
-2.94 0.00815348
-2.88 -0.00462372
-2.82 -0.000163198
-2.76 0.00892534
-2.7 0.00275426
-2.64 -0.00562656
-2.58 -0.00316123
-2.52 0.00600828
-2.46 0.0106912
-2.4 0.00643112
-2.34 -0.00177957
-2.28 -0.00599755
-2.22 -0.00253774
-2.16 0.00585778
-2.1 0.0130307
-2.04 0.0142027
-1.98 0.00901563
-1.92 0.00129955
-1.86 -0.00365777
-1.8 -0.00233582
-1.74 0.00515861
-1.68 0.0153906
-1.62 0.0236204
-1.56 0.0263375
-1.5 0.023021
-1.44 0.0163657
-1.38 0.0109956
-1.32 0.0113549
-1.26 0.0197617
-1.2 0.0354697
-1.14 0.0551141
-1.08 0.0743395
-1.02 0.0899461
-0.96 0.101705
-0.9 0.113126
-0.84 0.130845
-0.78 0.16279
-0.72 0.215696
-0.66 0.292767
-0.6 0.392239
-0.54 0.50732
-0.48 0.627542
-0.42 0.741158
-0.36 0.83788
-0.3 0.911172
-0.24 0.959459
-0.18 0.985914
-0.12 0.996932
-0.06 0.999758
0 1
0.06 0.999758
0.12 0.996932
0.18 0.985914
0.24 0.959459
0.3 0.911172
0.36 0.83788
0.42 0.741158
0.48 0.627542
0.54 0.50732
0.6 0.392239
0.66 0.292767
0.72 0.215696
0.78 0.16279
0.84 0.130845
0.9 0.113126
0.96 0.101705
1.02 0.0899461
1.08 0.0743395
1.14 0.0551141
1.2 0.0354697
1.26 0.0197617
1.32 0.0113549
1.38 0.0109956
1.44 0.0163657
1.5 0.023021
1.56 0.0263375
1.62 0.0236204
1.68 0.0153906
1.74 0.00515861
1.8 -0.00233582
1.86 -0.00365777
1.92 0.00129955
1.98 0.00901563
2.04 0.0142027
2.1 0.0130307
2.16 0.00585778
2.22 -0.00253774
2.28 -0.00599755
2.34 -0.00177957
2.4 0.00643112
2.46 0.0106912
2.52 0.00600827
2.58 -0.00316123
2.64 -0.00562656
2.7 0.00275427
2.76 0.00892534
2.82 -0.000163175
2.88 -0.00462374
2.94 0.00815347
3 0.00794509
