-3 0.00102775
-2.94 -0.0279633
-2.88 -0.0526053
-2.82 -0.0731287
-2.76 -0.0897591
-2.7 -0.102717
-2.64 -0.11222
-2.58 -0.118478
-2.52 -0.121698
-2.46 -0.122082
-2.4 -0.119827
-2.34 -0.115126
-2.28 -0.108166
-2.22 -0.0991305
-2.16 -0.0881972
-2.1 -0.0755397
-2.04 -0.0613265
-1.98 -0.0457215
-1.92 -0.028884
-1.86 -0.0109684
-1.8 0.0078758
-1.74 0.0275036
-1.68 0.0477749
-1.62 0.0685543
-1.56 0.0897111
-1.5 0.111119
-1.44 0.132658
-1.38 0.154211
-1.32 0.175666
-1.26 0.196917
-1.2 0.217861
-1.14 0.2384
-1.08 0.258444
-1.02 0.277902
-0.96 0.296693
-0.9 0.314738
-0.84 0.331963
-0.78 0.348299
-0.72 0.363683
-0.66 0.378054
-0.6 0.391359
-0.54 0.403547
-0.48 0.414573
-0.42 0.424397
-0.36 0.432983
-0.3 0.440301
-0.24 0.446323
-0.18 0.45103
-0.12 0.454403
-0.06 0.456432
0 0.457109
0.06 0.456432
0.12 0.454403
0.18 0.45103
0.24 0.446323
0.3 0.440301
0.36 0.432983
0.42 0.424397
0.48 0.414573
0.54 0.403547
0.6 0.391359
0.66 0.378054
0.72 0.363683
0.78 0.348299
0.84 0.331963
0.9 0.314738
0.96 0.296693
1.02 0.277902
1.08 0.258444
1.14 0.2384
1.2 0.217861
1.26 0.196917
1.32 0.175666
1.38 0.154211
1.44 0.132658
1.5 0.111119
1.56 0.0897111
1.62 0.0685543
1.68 0.0477749
1.74 0.0275036
1.8 0.0078758
1.86 -0.0109684
1.92 -0.028884
1.98 -0.0457215
2.04 -0.0613265
2.1 -0.0755397
2.16 -0.0881972
2.22 -0.0991305
2.28 -0.108166
2.34 -0.115126
2.4 -0.119827
2.46 -0.122082
2.52 -0.121698
2.58 -0.118478
2.64 -0.11222
2.7 -0.102717
2.76 -0.0897591
2.82 -0.0731287
2.88 -0.0526053
2.94 -0.0279633
3 0.00102775
