-3 -0.00643101
-2.94 0.00885887
-2.88 0.00259035
-2.82 -0.00505631
-2.76 -0.00723648
-2.7 -0.00389189
-2.64 0.00233453
-2.58 0.00844189
-2.52 0.0122289
-2.46 0.0126858
-2.4 0.00993062
-2.34 0.00491012
-2.28 -0.000982135
-2.22 -0.00627392
-2.16 -0.00971183
-2.1 -0.0104618
-2.04 -0.00820738
-1.98 -0.0031545
-1.92 0.00403941
-1.86 0.0123908
-1.8 0.0207465
-1.74 0.027951
-1.68 0.0330042
-1.62 0.0351967
-1.56 0.0342101
-1.5 0.0301777
-1.44 0.0237011
-1.38 0.0158262
-1.32 0.00797998
-1.26 0.00187712
-1.2 -0.000597241
-1.14 0.00248103
-1.08 0.0129387
-1.02 0.0323729
-0.96 0.0620312
-0.9 0.102712
-0.84 0.154687
-0.78 0.21766
-0.72 0.290749
-0.66 0.372505
-0.6 0.460962
-0.54 0.553712
-0.48 0.648008
-0.42 0.740881
-0.36 0.829271
-0.3 0.910168
-0.24 0.980744
-0.18 1.03849
-0.12 1.08131
-0.06 1.10765
0 1.11653
0.06 1.10765
0.12 1.08131
0.18 1.03849
0.24 0.980744
0.3 0.910168
0.36 0.829271
0.42 0.740881
0.48 0.648008
0.54 0.553712
0.6 0.460962
0.66 0.372505
0.72 0.290749
0.78 0.21766
0.84 0.154687
0.9 0.102712
0.96 0.0620312
1.02 0.0323729
1.08 0.0129387
1.14 0.00248103
1.2 -0.000597241
1.26 0.00187712
1.32 0.00797998
1.38 0.0158262
1.44 0.0237011
1.5 0.0301777
1.56 0.0342101
1.62 0.0351967
1.68 0.0330042
1.74 0.027951
1.8 0.0207465
1.86 0.0123908
1.92 0.00403941
1.98 -0.0031545
2.04 -0.00820738
2.1 -0.0104618
2.16 -0.00971183
2.22 -0.00627392
2.28 -0.000982135
2.34 0.00491012
2.4 0.00993062
2.46 0.0126858
2.52 0.0122289
2.58 0.00844189
2.64 0.00233453
2.7 -0.00389189
2.76 -0.00723648
2.82 -0.00505631
2.88 0.00259035
2.94 0.00885887
3 -0.00643101
