-3 0.642943
-2.94 0.5564
-2.88 0.474322
-2.82 0.396619
-2.76 0.323199
-2.7 0.253971
-2.64 0.188845
-2.58 0.127729
-2.52 0.0705317
-2.46 0.0171621
-2.4 -0.0324707
-2.34 -0.0784581
-2.28 -0.120891
-2.22 -0.159861
-2.16 -0.195459
-2.1 -0.227775
-2.04 -0.256902
-1.98 -0.282931
-1.92 -0.305951
-1.86 -0.326056
-1.8 -0.343335
-1.74 -0.357879
-1.68 -0.369781
-1.62 -0.379131
-1.56 -0.386021
-1.5 -0.390541
-1.44 -0.392782
-1.38 -0.392836
-1.32 -0.390794
-1.26 -0.386747
-1.2 -0.380786
-1.14 -0.373002
-1.08 -0.363486
-1.02 -0.352331
-0.96 -0.339625
-0.9 -0.325462
-0.84 -0.309931
-0.78 -0.293125
-0.72 -0.275134
-0.66 -0.256049
-0.6 -0.235962
-0.54 -0.214963
-0.48 -0.193144
-0.42 -0.170596
-0.36 -0.14741
-0.3 -0.123677
-0.24 -0.0994883
-0.18 -0.0749352
-0.12 -0.0501087
-0.06 -0.0250999
0 -1.66533e-16
0.06 0.0250999
0.12 0.0501087
0.18 0.0749352
0.24 0.0994883
0.3 0.123677
0.36 0.14741
0.42 0.170596
0.48 0.193144
0.54 0.214963
0.6 0.235962
0.66 0.256049
0.72 0.275134
0.78 0.293125
0.84 0.309931
0.9 0.325462
0.96 0.339625
1.02 0.352331
1.08 0.363486
1.14 0.373002
1.2 0.380786
1.26 0.386747
1.32 0.390794
1.38 0.392836
1.44 0.392782
1.5 0.390541
1.56 0.386021
1.62 0.379131
1.68 0.369781
1.74 0.357879
1.8 0.343335
1.86 0.326056
1.92 0.305951
1.98 0.282931
2.04 0.256902
2.1 0.227775
2.16 0.195459
2.22 0.159861
2.28 0.120891
2.34 0.0784581
2.4 0.0324707
2.46 -0.0171621
2.52 -0.0705317
2.58 -0.127729
2.64 -0.188845
2.7 -0.253971
2.76 -0.323199
2.82 -0.396619
2.88 -0.474322
2.94 -0.5564
3 -0.642943
