-3 0.139708
-2.94 0.0712656
-2.88 0.00680206
-2.82 -0.053764
-2.76 -0.110514
-2.7 -0.163528
-2.64 -0.212889
-2.58 -0.258677
-2.52 -0.300974
-2.46 -0.33986
-2.4 -0.375418
-2.34 -0.407727
-2.28 -0.43687
-2.22 -0.462927
-2.16 -0.48598
-2.1 -0.50611
-2.04 -0.523397
-1.98 -0.537925
-1.92 -0.549772
-1.86 -0.559022
-1.8 -0.565754
-1.74 -0.57005
-1.68 -0.571992
-1.62 -0.57166
-1.56 -0.569136
-1.5 -0.5645
-1.44 -0.557835
-1.38 -0.549221
-1.32 -0.538739
-1.26 -0.526471
-1.2 -0.512498
-1.14 -0.496901
-1.08 -0.479761
-1.02 -0.46116
-0.96 -0.441178
-0.9 -0.419897
-0.84 -0.397399
-0.78 -0.373763
-0.72 -0.349072
-0.66 -0.323406
-0.6 -0.296848
-0.54 -0.269477
-0.48 -0.241376
-0.42 -0.212625
-0.36 -0.183305
-0.3 -0.153499
-0.24 -0.123286
-0.18 -0.0927488
-0.12 -0.0619679
-0.06 -0.0310245
0 -5.55112e-17
0.06 0.0310245
0.12 0.0619679
0.18 0.0927488
0.24 0.123286
0.3 0.153499
0.36 0.183305
0.42 0.212625
0.48 0.241376
0.54 0.269477
0.6 0.296848
0.66 0.323406
0.72 0.349072
0.78 0.373763
0.84 0.397399
0.9 0.419897
0.96 0.441178
1.02 0.46116
1.08 0.479761
1.14 0.496901
1.2 0.512498
1.26 0.526471
1.32 0.538739
1.38 0.549221
1.44 0.557835
1.5 0.5645
1.56 0.569136
1.62 0.57166
1.68 0.571992
1.74 0.57005
1.8 0.565754
1.86 0.559022
1.92 0.549772
1.98 0.537925
2.04 0.523397
2.1 0.50611
2.16 0.48598
2.22 0.462927
2.28 0.43687
2.34 0.407727
2.4 0.375418
2.46 0.33986
2.52 0.300974
2.58 0.258677
2.64 0.212889
2.7 0.163528
2.76 0.110514
2.82 0.053764
2.88 -0.00680206
2.94 -0.0712656
3 -0.139708
