-3 0.00102775
-2.94 1437.41
-2.88 641.618
-2.82 85.959
-2.76 -72.0695
-2.7 -57.1801
-2.64 -16.4588
-2.58 4.428
-2.52 7.24743
-2.46 3.39972
-2.4 0.00250544
-2.34 -1.13456
-2.28 -0.805536
-2.22 -0.159882
-2.16 0.201963
-2.1 0.22473
-2.04 0.0915828
-1.98 -0.0258824
-1.92 -0.0613685
-1.86 -0.0341905
-1.8 0.0078758
-1.74 0.0314723
-1.68 0.0304839
-1.62 0.0170422
-1.56 0.00619768
-1.5 0.00562462
-1.44 0.0138859
-1.38 0.0247289
-1.32 0.032702
-1.26 0.0364585
-1.2 0.0386351
-1.14 0.0434086
-1.08 0.0537818
-1.02 0.0702756
-0.96 0.091561
-0.9 0.11639
-0.84 0.145544
-0.78 0.182611
-0.72 0.233066
-0.66 0.30198
-0.6 0.391359
-0.54 0.498288
-0.48 0.614752
-0.42 0.729322
-0.36 0.830177
-0.3 0.908386
-0.24 0.960288
-0.18 0.988113
-0.12 0.998631
-0.06 1.00031
0 1
0.06 1.00031
0.12 0.998631
0.18 0.988113
0.24 0.960288
0.3 0.908386
0.36 0.830177
0.42 0.729322
0.48 0.614752
0.54 0.498288
0.6 0.391359
0.66 0.30198
0.72 0.233066
0.78 0.182611
0.84 0.145544
0.9 0.11639
0.96 0.091561
1.02 0.0702756
1.08 0.0537818
1.14 0.0434086
1.2 0.0386351
1.26 0.0364585
1.32 0.032702
1.38 0.0247289
1.44 0.0138859
1.5 0.00562462
1.56 0.00619768
1.62 0.0170422
1.68 0.0304839
1.74 0.0314723
1.8 0.0078758
1.86 -0.0341905
1.92 -0.0613685
1.98 -0.0258824
2.04 0.0915828
2.1 0.22473
2.16 0.201963
2.22 -0.159882
2.28 -0.805536
2.34 -1.13456
2.4 0.00250531
2.46 3.39972
2.52 7.24743
2.58 4.428
2.64 -16.4588
2.7 -57.1801
2.76 -72.0695
2.82 85.959
2.88 641.618
2.94 1437.41
3 0.00101664
