-3 0.00102775
-2.94 1.36947
-2.88 2.02563
-2.82 2.19894
-2.76 2.06484
-2.7 1.75447
-2.64 1.36301
-2.58 0.95681
-2.52 0.579491
-2.46 0.257118
-2.4 0.00250544
-2.34 -0.181201
-2.28 -0.297595
-2.22 -0.354645
-2.16 -0.362824
-2.1 -0.333661
-2.04 -0.278655
-1.98 -0.208492
-1.92 -0.132521
-1.86 -0.0584351
-1.8 0.0078758
-1.74 0.0623379
-1.68 0.102605
-1.62 0.127896
-1.56 0.138775
-1.5 0.136905
-1.44 0.124787
-1.38 0.105492
-1.32 0.0824082
-1.26 0.0590079
-1.2 0.0386351
-1.14 0.0243289
-1.08 0.0186778
-1.02 0.0237098
-0.96 0.0408179
-0.9 0.0707197
-0.84 0.113449
-0.78 0.16838
-0.72 0.234272
-0.66 0.309343
-0.6 0.391359
-0.54 0.477737
-0.48 0.565658
-0.42 0.652186
-0.36 0.734386
-0.3 0.809443
-0.24 0.874768
-0.18 0.928095
-0.12 0.967571
-0.06 0.991821
0 1
0.06 0.991821
0.12 0.967571
0.18 0.928095
0.24 0.874768
0.3 0.809443
0.36 0.734386
0.42 0.652186
0.48 0.565658
0.54 0.477737
0.6 0.391359
0.66 0.309343
0.72 0.234272
0.78 0.16838
0.84 0.113449
0.9 0.0707197
0.96 0.0408179
1.02 0.0237098
1.08 0.0186778
1.14 0.0243289
1.2 0.0386351
1.26 0.0590079
1.32 0.0824082
1.38 0.105492
1.44 0.124787
1.5 0.136905
1.56 0.138775
1.62 0.127896
1.68 0.102605
1.74 0.0623379
1.8 0.0078758
1.86 -0.0584351
1.92 -0.132521
1.98 -0.208492
2.04 -0.278655
2.1 -0.333661
2.16 -0.362824
2.22 -0.354645
2.28 -0.297595
2.34 -0.181201
2.4 0.00250544
2.46 0.257118
2.52 0.579491
2.58 0.95681
2.64 1.36301
2.7 1.75447
2.76 2.06484
2.82 2.19894
2.88 2.02563
2.94 1.36947
3 0.00102775
